212
446
479
541
658
755
764
766
820
1779
2206
2355
2608
2636
2707
2802
2812
3061
3081
3218
3472
3594
3708
3973
3986
4190
4594
5112
5197
5431
5444
5500
5847
6008
6079
6223
6273
6384
6448
6623
6899
6980
6988
7032
7066
7071
7117
7413
7487
7516
7799
8135
8157
8192
8425
8612
8728
8776
8848
8968
9010
9043
9356
9539
9798
9906
10115
10332
10399
10463
10468
10608
10681
10827
10938
10973
10997
11151
11347
11417
11445
11541
11579
11999
12264
12699
12931
13364
13670
13803
14081
14095
14139
14261
14352
14497
14546
14601
14629
14687
14696
14735
14747
14823
14881
14986
15003
15069
15234
15238
15278
15294
15305
15335
15378
15389
15436
15530
15627
15719
16115
16177
16525
16603
16671
16698
16760
16933
16956
16972
17102
17104
17117
17176
17179
17213
17214
17314
17416
17436
17592
17874
18034
18161
18185
18266
18674
18762
18994
19010
19045
19131
19216
19398
19410
19441
19636
19778
19841
19946
20016
20199
20205
20258
20277
20287
20306
20408
20438
20553
20602
20695
20931
21021
21099
21217
21286
21372
21404
21842
22010
22186
22442
22468
22641
22782
22923
22925
22945
23047
23054
23067
23091
23260
23272
23462
23509
23654
23663
23695
23701
23811
23936
24251
24306
24419
24447
24540
24564
24638
24659
24693
24699
24740
25054
25076
25086
25176
25281
25332
25367
25387
25514
25688
25722
25739
25861
26094
26426
26434
26625
26876
27001
27040
27125
27270
27302
27379
27609
27616
27755
28116
28220
28307
28392
28717
28765
28831
28882
29096
29105
29115
29161
29298
29326
29409
29446
29651
29654
29735
29761
29775
29857
29908
29982
29985
29997
30038
30057
30106
30116
30153
30242
30260
30298
30343
30407
30443
30484
30498
30564
30575
30596
30667
30734
30880
30975
31019
31107
31294
31310
31380
31518
31529
31555
31598
31609
31618
31624
31634
31645
31788
31800
31820
31824
31892
31899
31953
31994
32034
41737
41964
44440
45938
48362
49646
50836
55789
56735
56878
59137
60659
66803
81411
88415
92175
97752
118279
123328
164179
164286
165204
165577
165723
165916
166208
166340
167020
167171
169096
169247
169350
169494
170288
170330
170371
170703
170786
171689
171709
172110
172604
173050
173074
173085
173235
174360
174714
175055
175645
175657
175782
175984
176047
176049
176247
176464
176829
176889
176916
177093
177355
177605
177616
178826
178929
179234
179264
179714
179761
179807
180301
180677
180776
181062
190659
190748
190769
192533
193252
193417
194365
194380
194756
194854
196938
196971
197702
198373
201104
202862
203313
204392
205009
205028
205054
205085
206458
207164
207726
208297
210255
210438
210467
210512
211494
212819
212873
213099
213434
213453
214290
214387
214844
216523
216662
216758
217298
217665
219655
219912
219915
220604
220808
221263
221616
222368
222449
223330
223440
224673
225073
225123
227052
227545
227590
228528
228934
229230
230992
231011
231021
231171
231573
231962
232571
232879
233625
233807
234755
234991
235065
235212
235681
238332
238469
238680
238952
239883
240148
240385
240592
241029
242502
242640
243080
243083
243541
243634
243713
244169
244249
245626
245739
246175
246429
246934
246996
247281
248248
248693
248885
249642
249668
249864
249946
250554
250840
250844
251202
251631
251651
254518
254858
255054
255076
255639
255861
255979
256215
257290
257314
257737
258095
258391
258678
258714
260225
260635
260752
260780
262523
263241
263820
265186
265818
266816
266930
267507
267549
267623
267630
268464
268518
268613
268788
269366
271190
271502
272027
272582
272587
273127
273936
274462
275164
276266
276520
276715
277039
277160
277455
277586
277747
277793
278846
279384
279773
280075
280720
281411
281950
282011
282433
282773
283190
283590
284546
284560
285269
285550
285591
285924
285999
287795
288003
288517
288551
288556
288922
289226
289569
290273
290293
290640
291055
291077
291977
292271
292322
292903
293913
294211
294782
295299
297568
298413
298714
298773
298822
299149
299374
299621
299768
299788
300014
300776
300876
301149
301389
301558
302682
302788
303069
303202
303492
303790
303836
303843
304223
304501
304913
305473
305722
306434
306714
306822
307038
307061
307682
307915
307944
308110
308784
308818
309229
309848
309997
310086
310129
310374
310610
311109
311128
311474
311476
311702
312082
312098
312316
312709
313482
313722
313830
314000
314304
314351
314465
314719
314760
315249
315346
315617
315785
317143
317207
317684
318250
318717
318812
319286
319407
319431
319494
320010
320196
320375
321176
321269
322022
322090
322255
322456
322477
322568
323916
324007
324177
324287
324470
324540
324908
325500
326243
326250
326290
326567
326977
327190
327196
327449
327607
327793
327923
328081
328131
328132
328367
328391
328998
329033
329350
329484
329561
329755
329822
329936
330201
330350
331084
331205
331946
332154
332290
332474
332748
332924
333301
333369
333446
333587
333591
333644
333811
334172
334435
334539
334601
334652
335622
335659
335707
336291
337034
337093
337275
337362
337774
337777
338133
338408
338426
339140
339262
339863
339904
340015
340034
340423
340473
340495
340685
340690
340747
341373
341436
341789
342052
342226
342242
343036
343338
343425
344056
344359
345035
345262
345500
345562
345621
345720
346014
346120
346218
346329
346385
346621
346642
346707
347100
347183
347282
347547
347617
349382
349449
349592
349927
350192
350307
350425
350989
350994
351258
351666
351849
352380
352473
352824
352836
352878
352907
353017
353538
353567
354464
354642
354740
354829
355334
355428
355450
355482
355485
355503
355578
355601
355846
356147
356373
356460
356507
356627
356723
356805
356986
357660
357721
357724
358070
358129
358318
358393
358411
358445
358810
358844
358854
359118
359393
359471
359551
359741
359925
360125
360250
360491
360603
361441
361508
361662
361740
361872
361962
361988
362220
362558
362572
362646
362885
362970
363010
363023
363044
363495
363505
363572
363754
363906
363989
364064
364130
364226
364347
364387
364462
364540
365325
365358
365525
365603
365762
365767
365787
366015
366076
366134
366220
366357
366470
366622
366774
366804
366883
367001
367008
367375
367403
367508
367557
367564
367692
367699
367793
368068
368404
368662
368797
368872
368922
368967
369096
369134
369299
369351
369417
369461
369466
369476
369546
369872
370032
370075
370138
370233
370345
370348
370410
370860
370899
370920
371074
371162
371453
371546
371634
371659
371682
371711
371936
371962
372145
372176
372368
372438
372443
372456
372474
372493
372536
372611
372652
372745
372862
372895
372923
372992
373176
373239
373296
373706
374095
374487
374569
374579
374643
374765
374798
375443
375536
375569
375763
375842
376284
376296
376458
376492
376509
376551
376552
376569
376926
377186
377233
377236
377294
377366
377412
377443
377492
377620
377621
377641
377688
377747
377809
377873
378016
378021
378149
378163
378189
378254
378354
378517
378681
378805
378816
379211
379235
379331
379542
379573
379645
379712
379760
379839
379842
379914
379922
380195
380227
380231
380257
380383
380418
380435
380505
380581
380629
380670
380711
380715
380751
380818
380820
380853
380931
380947
381011
381037
381116
381125
381172
381342
381390
381432
381486
381504
381569
381634
381635
381706
382139
382179
382200
382212
382221
382297
382376
382470
382538
382604
382615
382737
382811
382981
382991
383102
383196
383289
383388
383437
383495
383653
383792
383795
384026
384032
384077
384160
384183
384210
384280
384328
384568
384594
384649
384725
384777
384815
384816
384879
384970
385023
385161
385193
385207
385240
385247
385260
385274
385331
385415
385472
385530
385636
385694
385700
385883
385923
386023
386106
386110
386162
386170
386184
386205
386218
386332
386341
386353
386379
386409
386466
386555
386583
386613
386648
386724
386750
386758
386844
386845
386869
386874
387060
387096
387153
387222
387329
387330
387372
387376
387393
387470
387548
387549
387563
387607
387637
387679
387695
387700
387702
387707
387715
387731
387740
387829
387838
387861
387871
387877
387882
387895
387900
387905
387912
388060
388061
388085
388099
388107
388109
388115
388144
388169
388174
388176
388191
388215
388225
388226
388259
388265
388287
388292
388362
388374
388397
388402
388413
388415
388418
388425
388440
388455
388457
388465
388471
388477
388498
388509
388510
388513
388522
388524
388536
388545
388552
388557
388577
388617
388621
388642
388646
388657
388660
388664
388665
388666
388669
388671
388695
388696
388699
388708
388712
388716
388719
388736
388742
388753
388761
388767
388769
388777
388779
388791
388795
388796
388801
388802
388806
388811
388816
388818
388824
388827
388847
388855
388862
388871
388876
388885
388892
388893
388895
388896
388900
388902
388903
388910
388913
388925
388929
388940
388943
388944
388948
388952
388960
388967
388976
389007
389011
389016
389024
389032
389037
389040
389059
389066
389079
389084
389086
389090
389093
389096
389097
389109
389127
389133
389140
389154
389160
389162
389164
389167
389170
389175
389176
389180
389196
389200
389201
389211
389215
389224
389227
389236
389241
389263
389272
389274
389275
389279
389280
389281
389282
389283
389285
389287
389305
389312
389335
389347
389356
389361
389397
389402
389410
389420
389447
389452
389453
389465
389471
389477
389480
389493
389502
389525
389533
389535
389541
389551
389570
389571
389582
389587
389599
389600
389603
389605
389607
389640
389643
389649
389656
389665
389694
389697
389700
389706
389717
389730
389740
389744
389749
389780
389785
389814
389833
389857
389861
389890
389898
389915
389929
389945
389970
389972
389988
390013
390018
390076
390116
390130
390144
390156
390157
390165
390166
390182
390187
390223
390242
390268
390273
390279
390280
390283
390308
390316
390325
390341
390348
390364
390369
390382
390400
390410
390442
390553
390568
390596
390603
390608
390613
390615
390616
390624
390629
390634
390637
390638
390658
390677
390709
390718
390719
390734
390749
390752
390758
390759
390763
390766
390774
390781
390783
390793
390796
390797
390805
390837
390846
390852
390861
390866
390867
390883
390891
390904
390910
390913
390925
390937
390979
390990
391002
391009
391010
391011
391012
391031
391048
391072
391078
391096
391139
391140
391157
391171
391179
391185
391191
391201
391206
391219
391227
391255
391266
391268
391304
391309
391312
391317
391318
391322
391325
391351
391375
391414
391427
391430
391432
391444
391448
391456
391477
391484
391489
391495
391496
391512
391534
391540
391544
391565
391572
391574
391578
391590
391630
391642
391653
391700
391710
391727
391747
391755
391773
391776
391801
391804
391814
391833
391834
391836
391868
391875
391891
391904
391913
391917
391928
391934
391938
391945
391965
391969
391971
391985
391987
392004
392056
392061
392075
392084
392087
392131
392145
392153
392155
392199
392201
392205
392214
392216
392217
392219
392220
392224
392229
392235
392238
392252
392279
392280
392282
392289
392292
392297
392301
392309
392316
392320
392334
392336
392352
392358
392359
392369
392372
392379
392394
392395
392402
392410
392412
392417
392419
392424
392425
392431
392438
392439
392451
392454
392464
392466
392467
392471
392478
392482
392486
392487
392488
392518
392532
392551
392557
392564
392570
392596
392611
392626
392627
392641
392646
392664
392666
392683
392686
392711
392718
392777
392780
392790
392805
392810
392840
392846
392854
392859
392864
392866
392890
392902
392903
392921
392932
392949
392961
392964
392971
392990
392995
393008
393019
393028
393048
393091
393144
393159
393162
393176
393181
393182
393195
393202
393206
393229
393307
393309
393316
393318
393321
393335
393345
393351
393398
393404
393415
393419
393421
393431
393432
393436
393444
393447
393448
393449
393451
393464
393467
393476
393478
393480
393498
393506
393507
393514
393522
393527
393536
393573
393577
393590
393601
393612
393620
393670
393688
393694
393701
393728
393729
393731
393733
393746
393747
393765
393768
393774
393783
393784
393789
393792
393793
393808
393814
393832
393833
393844
393845
393862
393864
393870
393885
393894
393896
393909
393929
393936
393942
393950
393957
393958
393963
394022
394026
394037
394041
394045
394064
394081
394085
394098
394131
394160
394164
394181
394208
394216
394337
394367
394368
394377
394378
394385
394391
394397
394400
394404
394407
394434
394437
394439
394455
394471
394482
394484
394509
394512
394531
394535
394537
394540
394549
394553
394555
394558
394566
394588
394602
394604
394609
394618
394625
394626
394644
394651
394663
394689
394694
394710
394714
394724
394736
394747
394755
394756
394761
394762
394772
394786
394793
394801
394818
394823
394828
394841
394843
394848
394851
394856
394857
394859
394871
394874
394884
394903
394918
394920
394927
394939
394940
394945
394953
394955
394967
394973
394999
395007
395012
395022
395025
395039
395043
395066
395083
395089
395130
395134
395136
395144
395154
395160
395163
395170
395175
395178
395183
395186
395190
395230
395232
395234
395237
395239
395245
395251
395255
395258
395265
395279
395285
395287
395290
395297
395302
395308
395311
395322
395327
395339
395340
395343
395344
395355
395363
395371
395378
395379
395381
395403
395404
395408
395416
395419
395428
395431
395436
395438
395439
395451
395464
395471
395484
395487
395492
395500
395506
395507
395509
395510
395513
395515
395519
395522
395525
395529
395538
395545
395547
395548
395551
395553
395558
395567
395569
395573
395583
395588
395611
395628
395638
395639
395653
395658
395682
395698
395709
395716
395719
395721
395726
395738
395746
395750
395757
395763
395764
395770
395772
395777
395787
395791
395793
395800
395809
395820
395867
395868
395901
395916
395921
395926
395929
395933
395935
395938
395939
395940
395946
395956
395961
395963
395965
395969
395970
395972
395974
395995
395999
396009
396011
396017
396018
396022
396028
396034
396047
396048
396061
396069
396070
396082
396088
396092
396095
396097
396116
396120
396124
396135
396141
396146
396147
396153
396169
396174
396176
396180
396217
396258
396273
396284
396291
396299
396300
396304
396307
396318
396324
396327
396331
396332
396333
396334
396363
396366
396372
396379
396386
396394
396412
396417
396419
396430
396433
396436
396440
396443
396447
396454
396459
396462
396477
396483
396484
396485
396490
396498
396510
396512
396538
396542
396548
396555
396559
396561
396568
396572
396576
396587
396589
396609
396614
396633
396643
396645
396651
396662
396663
396672
396674
396676
396682
396685
396688
396695
396697
396713
396715
396720
396722
396724
396730
396732
396734
396738
396749
396760
396772
396773
396776
396785
396797
396803
396807
396821
396826
396842
396850
396856
396865
396877
396886
396902
396910
396920
396960
397015
397018
397028
397033
397047
397050
397052
397055
397058
397065
397069
397070
397071
397074
397076
397081
397089
397098
397100
397108
397118
397120
397122
397128
397141
397147
397164
397174
397181
397184
397193
397195
397196
397200
397202
397210
397213
397221
397227
397231
397233
397238
397244
397251
397259
397264
397279
397280
397285
397288
397291
397295
397296
397301
397304
397311
397312
397313
397314
397321
397323
397328
397329
397330
397331
397332
397338
397354
397357
397359
397368
397376
397378
397382
397384
397391
397393
397395
397397
397402
397406
397408
397412
397418
397422
397425
397431
397435
397448
397449
397450
397452
397453
397455
397460
397470
397472
397473
397481
397484
397495
397498
397502
397517
397518
397521
397524
397526
397527
397574
397576
397577
397585
397597
397600
397602
397607
397611
397615
397617
397622
397626
397630
397632
397643
397651
397653
397661
397662
397664
397672
397674
397680
397683
397684
397685
397689
397695
397699
397706
397713
397722
397729
397731
397732
397734
397743
397750
397753
397754
397762
397765
397766
397774
397779
397785
397790
397791
397793
397834
397836
397841
397848
397854
397863
397869
397870
397887
397889
397891
397893
397894
397897
397900
397902
397906
397909
397910
397920
397928
397929
397930
397933
397939
397944
397951
397972
397974
397976
397977
397980
397981
397984
397985
397991
398012
398014
398017
398019
398020
398023
398025
398026
398029
398031
398039
398040
398042
398047
398051
398059
398083
398085
398089
398090
398094
398096
398098
398102
398108
398111
398117
398118
398121
398127
398142
398145
398147
398148
398149
398151
398152
398161
398164
398177
398178
398181
398188
398194
398199
398202
398203
398208
398216
398219
398224
398228
398229
398233
398238
398239
398241
398242
398250
398254
398255
398257
398261
398263
398265
398266
398272
398275
398279
398281
398284
398286
398288
398305
398309
398314
398317
398318
398319
398325
398328
398329
398333
398338
398341
398347
398348
398349
398353
398360
398362
398370
398376
398379
398380
398386
398388
398393
398397
398399
398400
398401
398405
398406
398412
398420
398421
398422
398428
398432
398433
398437
398443
398444
398446
398451
398453
398455
398460
398466
398473
398474
398475
398478
398479
398482
398483
398485
398486
398488
398490
398492
398496
398498
398499
398507
398508
398511
398514
398524
398529
398531
398533
398534
398542
398548
398550
398552
398555
398557
398558
398561
398562
398564
398565
398566
398568
398570
398579
398580
398582
398585
398588
398591
398597
398600
398601
398608
398628
398630
398633
398639
398641
398643
398645
398658
398660
398668
398671
398674
398678
398682
398683
398684
398686
398687
398692
398702
398705
398711
398712
398714
398715
398719
398725
398728
398729
398732
398735
398739
398743
398744
398746
398748
398763
398768
398769
398770
398771
398774
398776
398778
398789
398790
398791
398795
398796
398798
398809
398811
398814
398817
398820
398828
398831
398832
398839
398852
398854
398855
398856
398858
398861
398863
398864
398875
398878
398879
398881
398883
398901
398905
398907
398908
398912
398914
398918
398920
398928
398931
398933
398938
398944
398954
398956
398957
398969
398973
398978
398986
398995
398999
399003
399006
399011
399021
399023
399024
399026
399029
399031
399032
399034
399042
399044
399046
399049
399054
399055
399057
399060
399061
399062
399063
399066
399070
399071
399072
399077
399081
399082
399085
399086
399087
399088
399091
399094
399100
399106
399115
399116
399117
399119
399120
399121
399126
399132
399136
399139
399140
399142
399144
399145
399149
399151
399154
399155
399157
399158
399160
399163
399168
399171
399172
399174
399175
399176
399179
399180
399182
399183
399184
399185
399187
399188
399190
399195
399196
399202
399204
399205
399212
399213
399216
399218
399224
399225
399227
399230
399233
399235
399240
399247
399249
399261
399271
399274
399275
399284
399285
399290
399291
399294
399304
399306
399307
399308
399313
399314
399316
399323
399324
399325
399326
399330
399334
399335
399339
399340
399341
399342
399343
399346
399348
399351
399353
399355
399357
399359
399360
399363
399364
399365
399374
399380
399383
399389
399391
399395
399397
399401
399408
399415
399416
399417
399423
399424
399425
399427
399434
399435
399436
399440
399448
399451
399454
399455
399459
399461
399469
399477
399482
399487
399489
399490
399501
399512
399513
399515
399516
399520
399521
399526
399528
399534
399536
399538
399539
399544
399546
399547
399548
399553
399554
399561
399562
399563
399564
399566
399567
399568
399570
399571
399572
399573
399575
399578
399579
399582
399583
399587
399588
399591
399596
399598
399600
399605
399608
399610
399611
399616
399626
399629
399635
399638
399641
399642
399649
399650
399662
399664
399672
399675
399676
399677
399678
399679
399682
399689
399691
399693
399694
399697
399700
399702
399705
399713
399714
399717
399719
399729
399730
399731
399732
399736
399738
399741
399744
399746
399747
399748
399752
399755
399756
399757
399761
399762
399763
399765
399769
399770
399771
399772
399774
399775
399776
399778
399779
399782
399785
399788
399792
399794
399802
399803
399804
399810
399813
399815
399817
399818
399821
399822
399826
399827
399830
399832
399839
399841
399842
399844
399847
399854
399855
399856
399859
399868
399870
399871
399873
399874
399880
399883
399885
399886
399888
399896
399898
399900
399901
399913
399918
399927
399930
399936
399937
399938
399940
399942
399944
399945
399946
399950
399951
399957
399958
399960
399961
399967
399977
399984
399986
399988
399990
399997
399999
400001
400002
400004
400007
400018
400020
400023
400036
400043
400047
400048
400049
400052
400053
400054
400055
400057
400058
400062
400064
400066
400067
400072
400080
400081
400086
400091
400092
400097
400099
400100
400102
400103
400106
400107
400110
400111
400112
400113
400114
400115
400117
400118
400120
400123
400125
400127
400133
400135
400136
400139
400142
400143
400144
400145
400146
400148
400149
400157
400158
400159
400165
400172
400175
400180
400181
400186
400188
400194
400195
400196
400202
400203
400208
400209
400210
400213
400214
400218
400223
400224
400226
400227
400233
400235
400237
400243
400247
400251
400255
400256
400258
400264
400268
400269
400275
400276
400279
400283
400284
400285
400286
400290
400292
400296
400299
400300
400305
400308
400315
400322
400324
400333
400337
400339
400347
400348
400350
400351
400354
400356
400357
400358
400367
400371
400372
400375
400380
400383
400384
400386
400390
400392
400398
400401
400408
400409
400411
400417
400423
400431
400434
400437
400440
400442
400445
400449
400453
400458
400461
400463
400465
400489
400491
400499
400504
400510
400515
400522
400528
400530
400533
400534
400536
400537
400541
400545
400550
400554
400556
400562
400564
400565
400576
400577
400584
400591
400595
400596
400601
400604
400610
400611
400619
400620
400622
400628
400629
400634
400636
400637
400638
400639
400642
400645
400646
400647
400648
400654
400657
400661
400662
400663
400665
400672
400673
400677
400682
400683
400685
400690
400696
400697
400698
400701
400709
400711
400715
400718
400720
400721
400723
400724
400725
400727
400729
400731
400734
400735
400737
400744
400747
400752
400757
400760
400761
400766
400768
400771
400773
400774
400776
400781
400784
400785
400788
400789
400790
400792
400798
400800
400803
400804
400809
400810
400811
400814
400816
400817
400819
400820
400821
400822
400825
400827
400830
400832
400844
400857
400858
400861
400864
400865
400868
400871
400875
400880
400883
400892
400893
400894
400901
400905
400906
400907
400914
400916
400917
400919
400922
400930
400933
400934
400937
400950
400953
400956
400971
400972
400974
400976
400981
400982
400984
400985
400992
400994
400996
401001
401006
401009
401010
401012
401015
401017
401019
401025
401027
401028
401031
401033
401034
401038
401039
401040
401041
401045
401046
401053
401054
401056
401063
401064
401068
401069
401071
401081
401085
401087
401096
401098
401099
401103
401105
401108
401112
401120
401124
401132
401139
401142
401144
401148
401149
401152
401155
401158
401159
401164
401169
401170
401171
401172
401175
401178
401180
401182
401185
401187
401190
401191
401200
401202
401203
401204
401207
401219
401222
401224
401226
401227
401228
401231
401233
401241
401242
401243
401244
401246
401247
401248
401251
401253
401255
401260
401265
401269
401271
401285
401286
401287
401289
401290
401297
401298
401299
401300
401304
401305
401306
401314
401317
401318
401320
401323
401328
401329
401332
401333
401334
401346
401351
401354
401358
401361
401366
401367
401370
401372
401374
401377
401380
401385
401387
401390
401395
401398
401400
401401
401403
401405
401406
401408
401414
401415
401416
401417
401418
401419
401420
401421
401425
401426
401436
401441
401442
401448
401455
401464
401469
401472
401476
401478
401480
401485
401490
401491
401492
401499
401500
401501
401511
401512
401513
401514
401517
401518
401520
401523
401525
401528
401531
401532
401533
401534
401535
401540
401541
401544
401547
401548
401550
401551
401552
401556
401565
401566
401567
401569
401572
401577
401579
401580
401582
401583
401585
401588
401589
401590
401591
401594
401600
401602
401604
401607
401610
401611
401612
401614
401619
401622
401636
401638
401639
401640
401646
401649
401659
401660
401661
401667
401668
401671
401672
401674
401675
401677
401678
401679
401682
401694
401700
401702
401706
401711
401712
401717
401718
401719
401720
401727
401735
401736
401738
401740
401743
401749
401757
401761
401762
401764
401769
401772
401773
401774
401779
401789
401797
401798
401800
401801
401802
401804
401806
401807
401808
401810
401813
401822
401823
401826
401829
401830
401832
401834
401840
401845
401847
401851
401853
401854
401860
401861
401867
401868
401869
401870
401876
401881
401882
401883
401888
401889
401891
401893
401895
401900
401901
401902
401904
401905
401906
401907
401912
401917
401918
401922
401923
401924
401928
401932
401936
401938
401945
401949
401952
401954
401961
401964
401965
401970
401972
401976
401982
401990
401991
401993
402003
402007
402008
402009
402013
402015
402016
402030
402031
402034
402037
402045
402050
402055
402058
402073
402081
402082
402084
402085
402088
402091
402092
402093
402103
402106
402108
402111
402114
402115
402121
402125
402126
402128
402129
402130
402133
402134
402135
402137
402145
402150
402157
402160
402163
402164
402165
402170
402174
402175
402178
402180
402185
402186
402190
402198
402210
402211
402213
402214
402216
402223
402225
402229
402240
402242
402243
402245
402246
402254
402255
402258
402265
402266
402267
402269
402276
402279
402283
402285
402286
402291
402293
402294
402296
402298
402299
402300
402301
402302
402311
402312
402313
402322
402323
402331
402333
402334
402336
402337
402338
402345
402346
402347
402348
402351
402356
402358
402359
402364
402365
402367
402369
402374
402379
402380
402383
402388
402391
402399
402400
402403
402404
402405
402406
402407
402408
402410
402415
402416
402418
402424
402433
402435
402447
402449
402455
402457
402459
402466
402467
402468
402473
402480
402481
402483
402485
402487
402492
402494
402499
402500
402503
402504
402505
402507
402514
402519
402520
402527
402528
402531
402533
402535
402549
402550
402551
402552
402556
402557
402558
402563
402567
402568
402569
402571
402588
402590
402592
402595
402606
402613
402619
402637
402639
402642
402645
402647
402648
402650
402651
402656
402659
402661
402662
402663
402668
402670
402671
402675
402678
402680
402681
402688
402693
402695
402699
402703
402709
402711
402714
402719
402720
402721
402722
402723
402724
402727
402730
402733
402734
402738
402740
402741
402743
402745
402753
402754
402758
402760
402761
402765
402766
402769
402773
402780
402781
402786
402796
402798
402802
402807
402811
402813
402820
402825
402836
402840
402841
402844
402847
402851
402852
402853
402855
402856
402857
402859
402861
402866
402868
402873
402886
402888
402891
402893
402894
402896
402902
402903
402904
402905
402906
402908
402909
402910
402911
402913
402914
402917
402920
402922
402926
402927
402932
402938
402939
402942
402960
402963
402966
402972
402974
402975
402979
402980
402983
402988
402991
402992
402994
402996
403007
403010
403012
403015
403026
403028
403032
403034
403036
403038
403044
403049
403052
403054
403055
403058
403059
403060
403063
403065
403066
403067
403071
403073
403075
403076
403077
403079
403080
403084
403086
403089
403093
403096
403102
403103
403109
403110
403111
403112
403114
403119
403120
403122
403123
403124
403131
403139
403141
403146
403153
403156
403158
403162
403163
403165
403167
403170
403173
403176
403177
403178
403179
403181
403182
403183
403190
403191
403197
403199
403203
403206
403211
403213
403215
403219
403221
403222
403229
403230
403231
403236
403241
403248
403250
403251
403252
403254
403255
403257
403262
403270
403273
403275
403277
403278
403281
403282
403285
403288
403302
403304
403309
403310
403311
403316
403319
403322
403323
403324
403332
403333
403334
403337
403338
403339
403342
403343
403346
403347
403352
403353
403354
403357
403359
403360
403365
403366
403367
403368
403370
403373
403374
403375
403376
403377
403380
403381
403383
403385
403393
403396
403397
403398
403402
403403
403404
403406
403409
403410
403418
403420
403421
403422
403425
403429
403431
403432
403433
403435
403443
403448
403449
403450
403455
403460
403462
403463
403464
403465
403467
403468
403473
403477
403478
403482
403488
403490
403491
403492
403496
403501
403504
403510
403511
403512
403516
403517
403519
403526
403527
403533
403536
403537
403540
403544
403550
403551
403553
403555
403557
403558
403561
403564
403565
403568
403569
403570
403576
403582
403583
403585
403586
403588
403590
403592
403593
403596
403597
403603
403604
403605
403606
403609
403614
403616
403618
403622
403624
403626
403628
403630
403638
403639
403645
403647
403648
403651
403657
403661
403663
403664
403667
403668
403669
403672
403675
403680
403681
403683
403684
403685
403686
403687
403688
403692
403694
403696
403700
403701
403703
403704
403705
403707
403711
403712
403713
403715
403716
403719
403724
403726
403730
403736
403737
403738
403739
403742
403743
403746
403751
403753
403754
403756
403758
403761
403764
403768
403769
403771
403772
403775
403777
403778
403780
403782
403785
403790
403792
403794
403795
403796
403797
403802
403812
403813
403822
403823
403830
403831
403835
403837
403838
403839
403840
403842
403843
403847
403850
403852
403853
403854
403856
403857
403858
403859
403863
403865
403866
403868
403872
403875
403876
403882
403883
403884
403887
403889
403890
403891
403897
403901
403902
403903
403910
403911
403914
403916
403918
403919
403920
403924
403925
403926
403927
403935
403937
403939
403945
403947
403949
403950
403952
403953
403956
403960
403961
403967
403970
403971
403972
403976
403977
403982
403984
403985
403987
403988
403990
403992
403994
403995
404005
404006
404007
404013
404014
404015
404017
404018
404021
404022
404023
404024
404025
404027
404028
404032
404033
404035
404041
404043
404047
404049
404054
404058
404059
404060
404062
404067
404071
404072
404075
404076
404080
404081
404082
404084
404085
404086
404088
404090
404092
404094
404095
404100
404101
404102
404103
404104
404107
404110
404113
404117
404120
404121
404124
404127
404129
404132
404134
404136
404138
404141
404143
404144
404145
404146
404148
404149
404150
404153
404154
404156
404162
404163
404164
404167
404173
404176
404178
404179
404180
404182
404183
404185
404192
404196
404198
404199
404202
404203
404212
404218
404223
404224
404229
404230
404233
404234
404244
404246
404247
404250
404253
404258
404261
404263
404268
404287
404290
404292
404298
404300
404301
404302
404305
404306
404307
404319
404321
404322
404323
404326
404330
404340
404346
404347
404354
404356
404358
404359
404362
404364
404369
404370
404372
404373
404374
404377
404379
404384
404385
404386
404387
404388
404390
404395
404398
404402
404403
404404
404405
404409
404414
404417
404419
404426
404430
404441
404444
404445
404447
404448
404456
404457
404458
404459
404464
404467
404468
404473
404476
404478
404484
404485
404486
404488
404489
404491
404495
404496
404501
404503
404505
404512
404514
404515
404520
404527
404528
404538
404544
404545
404549
404550
404558
404564
404566
404574
404579
404580
404585
404586
404588
404590
404591
404593
404595
404597
404599
404604
404606
404608
404609
404612
404613
404615
404617
404619
404623
404632
404633
404634
404642
404644
404645
404646
404647
404658
404661
404662
404663
404672
404673
404676
404679
404684
404687
404691
404694
404696
404698
404699
404700
404701
404704
404705
404706
404707
404712
404713
404715
404719
404724
404726
404727
404731
404734
404735
404736
404743
404751
404752
404753
404755
404756
404760
404761
404762
404763
404766
404769
404773
404775
404776
404777
404780
404781
404785
404789
404792
404794
404796
404799
404801
404802
404808
404809
404810
404811
404812
404814
404815
404819
404821
404825
404827
404829
404830
404836
404843
404846
404847
404848
404850
404853
404855
404856
404858
404859
404861
404863
404866
404873
404874
404875
404876
404879
404880
404887
404888
404890
404891
404892
404894
404895
404896
404898
404899
404902
404906
404909
404911
404912
404921
404922
404923
404924
404926
404927
404929
404930
404936
404943
404945
404948
404950
404953
404955
404963
404970
404971
404976
404977
404978
404979
404983
404985
404986
404990
404992
404995
404998
404999
405000
405004
405011
405014
405015
405016
405017
405018
405019
405020
405021
405024
405025
405029
405030
405031
405033
405034
405036
405037
405040
405045
405048
405050
405051
405052
405053
405055
405057
405058
405059
405066
405067
405071
405072
405077
405079
405081
405082
405083
405085
405086
405088
405089
405091
405092
405097
405107
405110
405111
405122
405123
405131
405132
405133
405134
405138
405140
405141
405144
405148
405151
405153
405162
405172
405173
405174
405175
405180
405181
405182
405185
405189
405191
405192
405195
405196
405199
405200
405205
405206
405209
405215
405219
405220
405225
405226
405227
405229
405230
405233
405234
405236
405238
405242
405244
405246
405247
405251
405254
405255
405256
405257
405258
405263
405266
405268
405274
405277
405278
405283
405284
405286
405290
405292
405293
405298
405299
405301
405303
405305
405306
405308
405310
405313
405315
405318
405319
405321
405324
405326
405328
405331
405334
405337
405341
405342
405347
405352
405354
405355
405356
405359
405360
405362
405365
405367
405368
405374
405375
405376
405379
405381
405383
405384
405387
405389
405394
405398
405400
405402
405406
405407
405411
405413
405415
405425
405427
405428
405429
405433
405435
405437
405438
405442
405447
405449
405456
405460
405461
405462
405465
405466
405467
405468
405469
405471
405472
405473
405475
405476
405483
405485
405498
405499
405500
405501
405504
405505
405510
405514
405515
405520
405522
405523
405524
405526
405531
405533
405534
405537
405540
405542
405543
405547
405548
405550
405552
405553
405555
405557
405558
405561
405562
405567
405571
405572
405578
405579
405580
405581
405582
405584
405585
405594
405598
405599
405600
405601
405611
405613
405614
405615
405617
405620
405622
405624
405626
405627
405629
405630
405633
405635
405636
405639
405642
405644
405647
405649
405651
405654
405656
405659
405660
405661
405666
405675
405677
405679
405683
405688
405689
405694
405695
405696
405702
405707
405708
405711
405713
405718
405724
405725
405727
405729
405730
405733
405735
405739
405741
405745
405749
405754
405755
405762
405763
405766
405768
405769
405770
405774
405775
405781
405783
405784
405787
405788
405790
405796
405798
405799
405801
405803
405806
405807
405808
405809
405813
405814
405815
405816
405818
405819
405821
405823
405824
405825
405826
405828
405829
405830
405834
405836
405838
405839
405840
405842
405843
405846
405850
405851
405852
405853
405856
405865
405867
405868
405869
405870
405872
405874
405878
405879
405880
405882
405884
405886
405887
405888
405891
405892
405894
405897
405902
405904
405905
405906
405909
405910
405912
405914
405926
405930
405933
405934
405935
405936
405939
405943
405947
405950
405951
405953
405954
405962
405963
405964
405965
405967
405970
405972
405977
405978
405982
405984
405986
405990
405994
405996
406003
406004
406005
406007
406009
406014
406015
406019
406020
406021
406023
406027
406028
406035
406036
406038
406039
406042
406043
406044
406047
406048
406049
406050
406051
406053
406055
406056
406058
406060
406062
406064
406072
406073
406077
406078
406085
406088
406092
406094
406097
406098
406099
406101
406103
406104
406108
406109
406110
406116
406117
406121
406122
406129
406135
406136
406139
406140
406142
406144
406148
406153
406163
406164
406166
406167
406169
406170
406174
406176
406177
406178
406179
406180
406181
406182
406183
406184
406186
406190
406192
406193
406194
406195
406197
406198
406203
406205
406207
406209
406211
406213
406217
406219
406220
406222
406225
406226
406229
406230
406234
406236
406240
406249
406253
406254
406255
406256
406257
406258
406259
406263
406264
406265
406266
406269
406271
406274
406275
406277
406279
406282
406283
406287
406289
406291
406295
406297
406298
406299
406300
406304
406306
406307
406310
406312
406313
406315
406316
406317
406319
406320
406325
406326
406328
406333
406335
406338
406339
406340
406342
406343
406350
406351
406352
406357
406359
406360
406361
406362
406363
406369
406370
406371
406374
406377
406379
406380
406381
406383
406390
406391
406394
406396
406397
406398
406400
406401
406402
406405
406407
406409
406410
406411
406412
406413
406414
406418
406424
406426
406427
406429
406431
406433
406435
406436
406439
406440
406441
406442
406444
406445
406446
406449
406451
406454
406456
406458
406460
406463
406466
406470
406473
406475
406477
406480
406486
406487
406488
406492
406494
406495
406497
406499
406504
406505
406506
406508
406509
406510
406515
406520
406526
406528
406530
406531
406533
406535
406537
406538
406539
406540
406542
406546
406547
406548
406549
406551
406553
406554
406555
406557
406558
406559
406561
406565
406567
406568
406569
406570
406571
406574
406576
406578
406579
406582
406583
406584
406586
406590
406593
406596
406598
406599
406600
406601
406602
406606
406607
406608
406610
406611
406616
406617
406620
406621
406624
406625
406629
406630
406632
406633
406634
406635
406636
406638
406639
406641
406643
406645
406656
406657
406661
406666
406668
406675
406676
406682
406684
406685
406688
406690
406694
406696
406699
406702
406704
406705
406706
406708
406712
406714
406716
406722
406724
406725
406727
406731
406732
406734
406735
406738
406740
406742
406743
406745
406746
406749
406751
406754
406756
406760
406762
406765
406766
406767
406769
406771
406775
406777
406778
406781
406782
406783
406784
406786
406793
406794
406795
406799
406800
406802
406804
406805
406809
406810
406815
406817
406818
406820
406825
406826
406827
406830
406834
406835
406837
406841
406842
406863
406865
406867
406874
406875
406877
406880
406882
406883
406885
406886
406887
406889
406891
406892
406894
406896
406898
406900
406902
406903
406904
406906
406907
406910
406911
406912
406914
406918
406921
406923
406924
406925
406926
406927
406928
406929
406936
406940
406941
406944
406946
406952
406954
406955
406956
406957
406958
406959
406960
406965
406967
406969
406970
406971
406972
406973
406975
406976
406977
406980
406981
406982
406985
407001
407002
407006
407007
407009
407012
407013
407016
407017
407019
407020
407021
407024
407026
407028
407029
407032
407034
407035
407036
407037
407038
407039
407041
407042
407043
407047
407049
407050
407051
407054
407058
407060
407064
407066
407069
407070
407074
407079
407083
407085
407087
407088
407090
407094
407097
407098
407100
407101
407102
407107
407108
407112
407114
407115
407116
407117
407118
407125
407126
407127
407128
407136
407137
407138
407140
407141
407143
407144
407145
407146
407147
407153
407154
407157
407159
407164
407168
407170
407173
407182
407186
407187
407191
407193
407196
407198
407203
407206
407210
407215
407217
407219
407224
407230
407233
407236
407238
407242
407243
407245
407247
407251
407255
407259
407262
407263
407267
407269
407270
407271
407273
407274
407275
407277
407280
407282
407284
407285
407290
407295
407296
407297
407298
407299
407301
407304
407307
407312
407317
407320
407322
407323
407328
407330
407334
407337
407338
407344
407348
407350
407353
407355
407358
407361
407363
407365
407373
407374
407376
407377
407378
407379
407381
407382
407383
407384
407386
407387
407389
407391
407394
407395
407398
407399
407403
407404
407405
407407
407408
407410
407411
407414
407415
407416
407418
407420
407422
407423
407426
407428
407430
407432
407437
407438
407439
407440
407449
407452
407453
407455
407456
407464
407465
407468
407470
407471
407472
407473
407475
407476
407477
407478
407480
407481
407483
407485
407488
407491
407492
407494
407495
407496
407497
407498
407499
407502
407503
407504
407505
407507
407508
407509
407510
407511
407514
407515
407516
407521
407522
407523
407525
407527
407528
407529
407530
407532
407533
407534
407535
407536
407537
407538
407539
407542
407544
407545
407552
407553
407555
407558
407560
407561
407562
407566
407568
407569
407571